1200
4223.518138
4223.523461
4223.528785
4223.534109
4223.539433
4223.544757
4223.550080
4223.555404
4223.560728
4223.566052
4223.571375
4223.576699
4223.582023
4223.587347
4223.592670
4223.597994
4223.603318
4223.608642
4223.613966
4223.619289
4223.624613
4223.629937
4223.635261
4223.640584
4223.645908
4223.651232
4223.656556
4223.661880
4223.667203
4223.672527
4223.677851
4223.683175
4223.688498
4223.693822
4223.699146
4223.704470
4223.709793
4223.715117
4223.720441
4223.725765
4223.731089
4223.736412
4223.741736
4223.747060
4223.752384
4223.757707
4223.763031
4223.768355
4223.773679
4223.779002
4223.784326
4223.789650
4223.794974
4223.800298
4223.805621
4223.810945
4223.816269
4223.821593
4223.826916
4223.832240
4223.837564
4223.842888
4223.848211
4223.853535
4223.858859
4223.864183
4223.869507
4223.874830
4223.880154
4223.885478
4223.890802
4223.896125
4223.901449
4223.906773
4223.912097
4223.917420
4223.922744
4223.928068
4223.933392
4223.938716
4223.944039
4223.949363
4223.954687
4223.960011
4223.965334
4223.970658
4223.975982
4223.981306
4223.986630
4223.991953
4223.997277
4224.002601
4224.007925
4224.013248
4224.018572
4224.023896
4224.029220
4224.034543
4224.039867
4224.045191
4224.050515
4224.055839
4224.061162
4224.066486
4224.071810
4224.077134
4224.082457
4224.087781
4224.093105
4224.098429
4224.103752
4224.109076
4224.114400
4224.119724
4224.125048
4224.130371
4224.135695
4224.141019
4224.146343
4224.151666
4224.156990
4224.162314
4224.167638
4224.172961
4224.178285
4224.183609
4224.188933
4224.194257
4224.199580
4224.204904
4224.210228
4224.215552
4224.220875
4224.226199
4224.231523
4224.236847
4224.242170
4224.247494
4224.252818
4224.258142
4224.263466
4224.268789
4224.274113
4224.279437
4224.284761
4224.290084
4224.295408
4224.300732
4224.306056
4224.311380
4224.316703
4224.322027
4224.327351
4224.332675
4224.337998
4224.343322
4224.348646
4224.353970
4224.359293
4224.364617
4224.369941
4224.375265
4224.380589
4224.385912
4224.391236
4224.396560
4224.401884
4224.407207
4224.412531
4224.417855
4224.423179
4224.428502
4224.433826
4224.439150
4224.444474
4224.449798
4224.455121
4224.460445
4224.465769
4224.471093
4224.476416
4224.481740
4224.487064
4224.492388
4224.497711
4224.503035
4224.508359
4224.513683
4224.519007
4224.524330
4224.529654
4224.534978
4224.540302
4224.545625
4224.550949
4224.556273
4224.561597
4224.566920
4224.572244
4224.577568
4224.582892
4224.588216
4224.593539
4224.598863
4224.604187
4224.609511
4224.614834
4224.620158
4224.625482
4224.630806
4224.636130
4224.641453
4224.646777
4224.652101
4224.657425
4224.662748
4224.668072
4224.673396
4224.678720
4224.684043
4224.689367
4224.694691
4224.700015
4224.705339
4224.710662
4224.715986
4224.721310
4224.726634
4224.731957
4224.737281
4224.742605
4224.747929
4224.753252
4224.758576
4224.763900
4224.769224
4224.774548
4224.779871
4224.785195
4224.790519
4224.795843
4224.801166
4224.806490
4224.811814
4224.817138
4224.822461
4224.827785
4224.833109
4224.838433
4224.843757
4224.849080
4224.854404
4224.859728
4224.865052
4224.870375
4224.875699
4224.881023
4224.886347
4224.891670
4224.896994
4224.902318
4224.907642
4224.912966
4224.918289
4224.923613
4224.928937
4224.934261
4224.939584
4224.944908
4224.950232
4224.955556
4224.960880
4224.966203
4224.971527
4224.976851
4224.982175
4224.987498
4224.992822
4224.998146
4225.003470
4225.008793
4225.014117
4225.019441
4225.024765
4225.030089
4225.035412
4225.040736
4225.046060
4225.051384
4225.056707
4225.062031
4225.067355
4225.072679
4225.078002
4225.083326
4225.088650
4225.093974
4225.099298
4225.104621
4225.109945
4225.115269
4225.120593
4225.125916
4225.131240
4225.136564
4225.141888
4225.147211
4225.152535
4225.157859
4225.163183
4225.168507
4225.173830
4225.179154
4225.184478
4225.189802
4225.195125
4225.200449
4225.205773
4225.211097
4225.216420
4225.221744
4225.227068
4225.232392
4225.237716
4225.243039
4225.248363
4225.253687
4225.259011
4225.264334
4225.269658
4225.274982
4225.280306
4225.285630
4225.290953
4225.296277
4225.301601
4225.306925
4225.312248
4225.317572
4225.322896
4225.328220
4225.333543
4225.338867
4225.344191
4225.349515
4225.354839
4225.360162
4225.365486
4225.370810
4225.376134
4225.381457
4225.386781
4225.392105
4225.397429
4225.402752
4225.408076
4225.413400
4225.418724
4225.424048
4225.429371
4225.434695
4225.440019
4225.445343
4225.450666
4225.455990
4225.461314
4225.466638
4225.471961
4225.477285
4225.482609
4225.487933
4225.493257
4225.498580
4225.503904
4225.509228
4225.514552
4225.519875
4225.525199
4225.530523
4225.535847
4225.541170
4225.546494
4225.551818
4225.557142
4225.562466
4225.567789
4225.573113
4225.578437
4225.583761
4225.589084
4225.594408
4225.599732
4225.605056
4225.610380
4225.615703
4225.621027
4225.626351
4225.631675
4225.636998
4225.642322
4225.647646
4225.652970
4225.658293
4225.663617
4225.668941
4225.674265
4225.679589
4225.684912
4225.690236
4225.695560
4225.700884
4225.706207
4225.711531
4225.716855
4225.722179
4225.727502
4225.732826
4225.738150
4225.743474
4225.748798
4225.754121
4225.759445
4225.764769
4225.770093
4225.775416
4225.780740
4225.786064
4225.791388
4225.796711
4225.802035
4225.807359
4225.812683
4225.818007
4225.823330
4225.828654
4225.833978
4225.839302
4225.844625
4225.849949
4225.855273
4225.860597
4225.865920
4225.871244
4225.876568
4225.881892
4225.887216
4225.892539
4225.897863
4225.903187
4225.908511
4225.913834
4225.919158
4225.924482
4225.929806
4225.935130
4225.940453
4225.945777
4225.951101
4225.956425
4225.961748
4225.967072
4225.972396
4225.977720
4225.983043
4225.988367
4225.993691
4225.999015
4226.004339
4226.009662
4226.014986
4226.020310
4226.025634
4226.030957
4226.036281
4226.041605
4226.046929
4226.052252
4226.057576
4226.062900
4226.068224
4226.073548
4226.078871
4226.084195
4226.089519
4226.094843
4226.100166
4226.105490
4226.110814
4226.116138
4226.121461
4226.126785
4226.132109
4226.137433
4226.142757
4226.148080
4226.153404
4226.158728
4226.164052
4226.169375
4226.174699
4226.180023
4226.185347
4226.190670
4226.195994
4226.201318
4226.206642
4226.211966
4226.217289
4226.222613
4226.227937
4226.233261
4226.238584
4226.243908
4226.249232
4226.254556
4226.259880
4226.265203
4226.270527
4226.275851
4226.281175
4226.286498
4226.291822
4226.297146
4226.302470
4226.307793
4226.313117
4226.318441
4226.323765
4226.329089
4226.334412
4226.339736
4226.345060
4226.350384
4226.355707
4226.361031
4226.366355
4226.371679
4226.377002
4226.382326
4226.387650
4226.392974
4226.398298
4226.403621
4226.408945
4226.414269
4226.419593
4226.424916
4226.430240
4226.435564
4226.440888
4226.446211
4226.451535
4226.456859
4226.462183
4226.467507
4226.472830
4226.478154
4226.483478
4226.488802
4226.494125
4226.499449
4226.504773
4226.510097
4226.515420
4226.520744
4226.526068
4226.531392
4226.536716
4226.542039
4226.547363
4226.552687
4226.558011
4226.563334
4226.568658
4226.573982
4226.579306
4226.584630
4226.589953
4226.595277
4226.600601
4226.605925
4226.611248
4226.616572
4226.621896
4226.627220
4226.632543
4226.637867
4226.643191
4226.648515
4226.653839
4226.659162
4226.664486
4226.669810
4226.675134
4226.680457
4226.685781
4226.691105
4226.696429
4226.701752
4226.707076
4226.712400
4226.717724
4226.723048
4226.728371
4226.733695
4226.739019
4226.744343
4226.749666
4226.754990
4226.760314
4226.765638
4226.770961
4226.776285
4226.781609
4226.786933
4226.792257
4226.797580
4226.802904
4226.808228
4226.813552
4226.818875
4226.824199
4226.829523
4226.834847
4226.840170
4226.845494
4226.850818
4226.856142
4226.861466
4226.866789
4226.872113
4226.877437
4226.882761
4226.888084
4226.893408
4226.898732
4226.904056
4226.909380
4226.914703
4226.920027
4226.925351
4226.930675
4226.935998
4226.941322
4226.946646
4226.951970
4226.957293
4226.962617
4226.967941
4226.973265
4226.978589
4226.983912
4226.989236
4226.994560
4226.999884
4227.005207
4227.010531
4227.015855
4227.021179
4227.026502
4227.031826
4227.037150
4227.042474
4227.047798
4227.053121
4227.058445
4227.063769
4227.069093
4227.074416
4227.079740
4227.085064
4227.090388
4227.095711
4227.101035
4227.106359
4227.111683
4227.117007
4227.122330
4227.127654
4227.132978
4227.138302
4227.143625
4227.148949
4227.154273
4227.159597
4227.164920
4227.170244
4227.175568
4227.180892
4227.186216
4227.191539
4227.196863
4227.202187
4227.207511
4227.212834
4227.218158
4227.223482
4227.228806
4227.234130
4227.239453
4227.244777
4227.250101
4227.255425
4227.260748
4227.266072
4227.271396
4227.276720
4227.282043
4227.287367
4227.292691
4227.298015
4227.303339
4227.308662
4227.313986
4227.319310
4227.324634
4227.329957
4227.335281
4227.340605
4227.345929
4227.351252
4227.356576
4227.361900
4227.367224
4227.372548
4227.377871
4227.383195
4227.388519
4227.393843
4227.399166
4227.404490
4227.409814
4227.415138
4227.420461
4227.425785
4227.431109
4227.436433
4227.441757
4227.447080
4227.452404
4227.457728
4227.463052
4227.468375
4227.473699
4227.479023
4227.484347
4227.489670
4227.494994
4227.500318
4227.505642
4227.510966
4227.516289
4227.521613
4227.526937
4227.532261
4227.537584
4227.542908
4227.548232
4227.553556
4227.558880
4227.564203
4227.569527
4227.574851
4227.580175
4227.585498
4227.590822
4227.596146
4227.601470
4227.606793
4227.612117
4227.617441
4227.622765
4227.628089
4227.633412
4227.638736
4227.644060
4227.649384
4227.654707
4227.660031
4227.665355
4227.670679
4227.676002
4227.681326
4227.686650
4227.691974
4227.697298
4227.702621
4227.707945
4227.713269
4227.718593
4227.723916
4227.729240
4227.734564
4227.739888
4227.745211
4227.750535
4227.755859
4227.761183
4227.766507
4227.771830
4227.777154
4227.782478
4227.787802
4227.793125
4227.798449
4227.803773
4227.809097
4227.814420
4227.819744
4227.825068
4227.830392
4227.835716
4227.841039
4227.846363
4227.851687
4227.857011
4227.862334
4227.867658
4227.872982
4227.878306
4227.883630
4227.888953
4227.894277
4227.899601
4227.904925
4227.910248
4227.915572
4227.920896
4227.926220
4227.931543
4227.936867
4227.942191
4227.947515
4227.952839
4227.958162
4227.963486
4227.968810
4227.974134
4227.979457
4227.984781
4227.990105
4227.995429
4228.000752
4228.006076
4228.011400
4228.016724
4228.022048
4228.027371
4228.032695
4228.038019
4228.043343
4228.048666
4228.053990
4228.059314
4228.064638
4228.069961
4228.075285
4228.080609
4228.085933
4228.091257
4228.096580
4228.101904
4228.107228
4228.112552
4228.117875
4228.123199
4228.128523
4228.133847
4228.139170
4228.144494
4228.149818
4228.155142
4228.160466
4228.165789
4228.171113
4228.176437
4228.181761
4228.187084
4228.192408
4228.197732
4228.203056
4228.208380
4228.213703
4228.219027
4228.224351
4228.229675
4228.234998
4228.240322
4228.245646
4228.250970
4228.256293
4228.261617
4228.266941
4228.272265
4228.277589
4228.282912
4228.288236
4228.293560
4228.298884
4228.304207
4228.309531
4228.314855
4228.320179
4228.325502
4228.330826
4228.336150
4228.341474
4228.346798
4228.352121
4228.357445
4228.362769
4228.368093
4228.373416
4228.378740
4228.384064
4228.389388
4228.394711
4228.400035
4228.405359
4228.410683
4228.416007
4228.421330
4228.426654
4228.431978
4228.437302
4228.442625
4228.447949
4228.453273
4228.458597
4228.463920
4228.469244
4228.474568
4228.479892
4228.485216
4228.490539
4228.495863
4228.501187
4228.506511
4228.511834
4228.517158
4228.522482
4228.527806
4228.533130
4228.538453
4228.543777
4228.549101
4228.554425
4228.559748
4228.565072
4228.570396
4228.575720
4228.581043
4228.586367
4228.591691
4228.597015
4228.602339
4228.607662
4228.612986
4228.618310
4228.623634
4228.628957
4228.634281
4228.639605
4228.644929
4228.650252
4228.655576
4228.660900
4228.666224
4228.671548
4228.676871
4228.682195
4228.687519
4228.692843
4228.698166
4228.703490
4228.708814
4228.714138
4228.719461
4228.724785
4228.730109
4228.735433
4228.740757
4228.746080
4228.751404
4228.756728
4228.762052
4228.767375
4228.772699
4228.778023
4228.783347
4228.788670
4228.793994
4228.799318
4228.804642
4228.809966
4228.815289
4228.820613
4228.825937
4228.831261
4228.836584
4228.841908
4228.847232
4228.852556
4228.857880
4228.863203
4228.868527
4228.873851
4228.879175
4228.884498
4228.889822
4228.895146
4228.900470
4228.905793
4228.911117
4228.916441
4228.921765
4228.927089
4228.932412
4228.937736
4228.943060
4228.948384
4228.953707
4228.959031
4228.964355
4228.969679
4228.975002
4228.980326
4228.985650
4228.990974
4228.996298
4229.001621
4229.006945
4229.012269
4229.017593
4229.022916
4229.028240
4229.033564
4229.038888
4229.044211
4229.049535
4229.054859
4229.060183
4229.065507
4229.070830
4229.076154
4229.081478
4229.086802
4229.092125
4229.097449
4229.102773
4229.108097
4229.113420
4229.118744
4229.124068
4229.129392
4229.134716
4229.140039
4229.145363
4229.150687
4229.156011
4229.161334
4229.166658
4229.171982
4229.177306
4229.182630
4229.187953
4229.193277
4229.198601
4229.203925
4229.209248
4229.214572
4229.219896
4229.225220
4229.230543
4229.235867
4229.241191
4229.246515
4229.251839
4229.257162
4229.262486
4229.267810
4229.273134
4229.278457
4229.283781
4229.289105
4229.294429
4229.299752
4229.305076
4229.310400
4229.315724
4229.321048
4229.326371
4229.331695
4229.337019
4229.342343
4229.347666
4229.352990
4229.358314
4229.363638
4229.368961
4229.374285
4229.379609
4229.384933
4229.390257
4229.395580
4229.400904
4229.406228
4229.411552
4229.416875
4229.422199
4229.427523
4229.432847
4229.438170
4229.443494
4229.448818
4229.454142
4229.459466
4229.464789
4229.470113
4229.475437
4229.480761
4229.486084
4229.491408
4229.496732
4229.502056
4229.507380
4229.512703
4229.518027
4229.523351
4229.528675
4229.533998
4229.539322
4229.544646
4229.549970
4229.555293
4229.560617
4229.565941
4229.571265
4229.576589
4229.581912
4229.587236
4229.592560
4229.597884
4229.603207
4229.608531
4229.613855
4229.619179
4229.624502
4229.629826
4229.635150
4229.640474
4229.645798
4229.651121
4229.656445
4229.661769
4229.667093
4229.672416
4229.677740
4229.683064
4229.688388
4229.693711
4229.699035
4229.704359
4229.709683
4229.715007
4229.720330
4229.725654
4229.730978
4229.736302
4229.741625
4229.746949
4229.752273
4229.757597
4229.762920
4229.768244
4229.773568
4229.778892
4229.784216
4229.789539
4229.794863
4229.800187
4229.805511
4229.810834
4229.816158
4229.821482
4229.826806
4229.832130
4229.837453
4229.842777
4229.848101
4229.853425
4229.858748
4229.864072
4229.869396
4229.874720
4229.880043
4229.885367
4229.890691
4229.896015
4229.901339
