4223.518138 0.315504
4223.523461 0.319082
4223.528785 0.321447
4223.534109 0.322811
4223.539433 0.323881
4223.544757 0.323689
4223.550080 0.322476
4223.555404 0.320931
4223.560728 0.320368
4223.566052 0.319719
4223.571375 0.321170
4223.576699 0.326030
4223.582023 0.333832
4223.587347 0.344789
4223.592670 0.358899
4223.597994 0.378509
4223.603318 0.402001
4223.608642 0.428001
4223.613966 0.456159
4223.619289 0.485393
4223.624613 0.514277
4223.629937 0.543901
4223.635261 0.573049
4223.640584 0.599341
4223.645908 0.623280
4223.651232 0.643351
4223.656556 0.659982
4223.661880 0.672392
4223.667203 0.680561
4223.672527 0.683603
4223.677851 0.680951
4223.683175 0.672951
4223.688498 0.660093
4223.693822 0.642880
4223.699146 0.622119
4223.704470 0.598384
4223.709793 0.574160
4223.715117 0.551707
4223.720441 0.531618
4223.725765 0.515315
4223.731089 0.505738
4223.736412 0.504003
4223.741736 0.509684
4223.747060 0.523601
4223.752384 0.544427
4223.757707 0.570257
4223.763031 0.597935
4223.768355 0.627459
4223.773679 0.654115
4223.779002 0.680308
4223.784326 0.705617
4223.789650 0.727160
4223.794974 0.744987
4223.800298 0.760970
4223.805621 0.774358
4223.810945 0.786650
4223.816269 0.797148
4223.821593 0.806332
4223.826916 0.813437
4223.832240 0.819214
4223.837564 0.825354
4223.842888 0.828307
4223.848211 0.829014
4223.853535 0.828939
4223.858859 0.828030
4223.864183 0.827773
4223.869507 0.827785
4223.874830 0.826775
4223.880154 0.822911
4223.885478 0.817096
4223.890802 0.816112
4223.896125 0.819171
4223.901449 0.822848
4223.906773 0.826176
4223.912097 0.826869
4223.917420 0.831238
4223.922744 0.836345
4223.928068 0.840772
4223.933392 0.842465
4223.938716 0.842340
4223.944039 0.841104
4223.949363 0.838328
4223.954687 0.838915
4223.960011 0.837768
4223.965334 0.835903
4223.970658 0.834901
4223.975982 0.834119
4223.981306 0.832672
4223.986630 0.831587
4223.991953 0.825456
4223.997277 0.824672
4224.002601 0.821061
4224.007925 0.815814
4224.013248 0.810761
4224.018572 0.806451
4224.023896 0.802993
4224.029220 0.797749
4224.034543 0.795617
4224.039867 0.789193
4224.045191 0.779916
4224.050515 0.770063
4224.055839 0.759418
4224.061162 0.748431
4224.066486 0.736149
4224.071810 0.720506
4224.077134 0.703987
4224.082457 0.684975
4224.087781 0.662854
4224.093105 0.638287
4224.098429 0.612450
4224.103752 0.582125
4224.109076 0.549695
4224.114400 0.515954
4224.119724 0.478815
4224.125048 0.440756
4224.130371 0.402738
4224.135695 0.365920
4224.141019 0.329971
4224.146343 0.295167
4224.151666 0.263462
4224.156990 0.235873
4224.162314 0.213703
4224.167638 0.196557
4224.172961 0.184649
4224.178285 0.177723
4224.183609 0.176958
4224.188933 0.181069
4224.194257 0.190872
4224.199580 0.206756
4224.204904 0.230327
4224.210228 0.263562
4224.215552 0.305937
4224.220875 0.353824
4224.226199 0.401810
4224.231523 0.443764
4224.236847 0.478718
4224.242170 0.504987
4224.247494 0.524660
4224.252818 0.536804
4224.258142 0.546010
4224.263466 0.549210
4224.268789 0.550719
4224.274113 0.549420
4224.279437 0.545185
4224.284761 0.543832
4224.290084 0.543606
4224.295408 0.547404
4224.300732 0.557072
4224.306056 0.569980
4224.311380 0.589628
4224.316703 0.612274
4224.322027 0.638716
4224.327351 0.667937
4224.332675 0.695932
4224.337998 0.719742
4224.343322 0.741434
4224.348646 0.759076
4224.353970 0.772123
4224.359293 0.780667
4224.364617 0.788865
4224.369941 0.792695
4224.375265 0.793337
4224.380589 0.788954
4224.385912 0.779967
4224.391236 0.769323
4224.396560 0.756163
4224.401884 0.736689
4224.407207 0.713180
4224.412531 0.685051
4224.417855 0.659189
4224.423179 0.629520
4224.428502 0.598552
4224.433826 0.568127
4224.439150 0.536722
4224.444474 0.507659
4224.449798 0.481744
4224.455121 0.456492
4224.460445 0.436909
4224.465769 0.416746
4224.471093 0.396091
4224.476416 0.374363
4224.481740 0.350375
4224.487064 0.325704
4224.492388 0.301268
4224.497711 0.277899
4224.503035 0.258527
4224.508359 0.243343
4224.513683 0.234095
4224.519007 0.231317
4224.524330 0.235908
4224.529654 0.248051
4224.534978 0.269841
4224.540302 0.303305
4224.545625 0.349782
4224.550949 0.406346
4224.556273 0.466963
4224.561597 0.524625
4224.566920 0.573373
4224.572244 0.611357
4224.577568 0.640760
4224.582892 0.666041
4224.588216 0.689008
4224.593539 0.708046
4224.598863 0.719474
4224.604187 0.729773
4224.609511 0.739549
4224.614834 0.744673
4224.620158 0.748622
4224.625482 0.754491
4224.630806 0.762084
4224.636130 0.769774
4224.641453 0.780494
4224.646777 0.786895
4224.652101 0.798681
4224.657425 0.811720
4224.662748 0.819332
4224.668072 0.825451
4224.673396 0.832437
4224.678720 0.837795
4224.684043 0.839772
4224.689367 0.842638
4224.694691 0.844701
4224.700015 0.847830
4224.705339 0.849400
4224.710662 0.848100
4224.715986 0.845305
4224.721310 0.841896
4224.726634 0.835958
4224.731957 0.829903
4224.737281 0.821584
4224.742605 0.809726
4224.747929 0.796386
4224.753252 0.780368
4224.758576 0.759853
4224.763900 0.736908
4224.769224 0.711574
4224.774548 0.683770
4224.779871 0.653610
4224.785195 0.622455
4224.790519 0.589995
4224.795843 0.556686
4224.801166 0.523477
4224.806490 0.489966
4224.811814 0.458106
4224.817138 0.429492
4224.822461 0.404560
4224.827785 0.383463
4224.833109 0.365855
4224.838433 0.351207
4224.843757 0.341115
4224.849080 0.334692
4224.854404 0.332259
4224.859728 0.334240
4224.865052 0.340440
4224.870375 0.350560
4224.875699 0.364975
4224.881023 0.385420
4224.886347 0.414112
4224.891670 0.445922
4224.896994 0.480608
4224.902318 0.518429
4224.907642 0.557788
4224.912966 0.595425
4224.918289 0.631225
4224.923613 0.663489
4224.928937 0.691443
4224.934261 0.716995
4224.939584 0.741251
4224.944908 0.762587
4224.950232 0.780974
4224.955556 0.795732
4224.960880 0.809368
4224.966203 0.819951
4224.971527 0.830602
4224.976851 0.828916
4224.982175 0.828849
4224.987498 0.841471
4224.992822 0.847494
4224.998146 0.850059
4225.003470 0.851689
4225.008793 0.850498
4225.014117 0.849985
4225.019441 0.848804
4225.024765 0.847061
4225.030089 0.844552
4225.035412 0.842364
4225.040736 0.840002
4225.046060 0.838517
4225.051384 0.836521
4225.056707 0.833157
4225.062031 0.829578
4225.067355 0.826046
4225.072679 0.822790
4225.078002 0.820065
4225.083326 0.816953
4225.088650 0.812255
4225.093974 0.806637
4225.099298 0.803577
4225.104621 0.802788
4225.109945 0.799228
4225.115269 0.797620
4225.120593 0.795918
4225.125916 0.793126
4225.131240 0.788225
4225.136564 0.782752
4225.141888 0.778447
4225.147211 0.770743
4225.152535 0.759560
4225.157859 0.744577
4225.163183 0.729134
4225.168507 0.712287
4225.173830 0.693253
4225.179154 0.674936
4225.184478 0.656470
4225.189802 0.637198
4225.195125 0.619344
4225.200449 0.603903
4225.205773 0.592849
4225.211097 0.586779
4225.216420 0.584699
4225.221744 0.584072
4225.227068 0.585914
4225.232392 0.589568
4225.237716 0.594953
4225.243039 0.603394
4225.248363 0.614683
4225.253687 0.625584
4225.259011 0.634394
4225.264334 0.640623
4225.269658 0.644794
4225.274982 0.649435
4225.280306 0.652879
4225.285630 0.654384
4225.290953 0.654095
4225.296277 0.652888
4225.301601 0.648126
4225.306925 0.641147
4225.312248 0.633153
4225.317572 0.626436
4225.322896 0.622026
4225.328220 0.621086
4225.333543 0.620002
4225.338867 0.617872
4225.344191 0.614095
4225.349515 0.608476
4225.354839 0.601014
4225.360162 0.592208
4225.365486 0.581215
4225.370810 0.567925
4225.376134 0.551206
4225.381457 0.530413
4225.386781 0.505511
4225.392105 0.477108
4225.397429 0.446873
4225.402752 0.416764
4225.408076 0.385293
4225.413400 0.352330
4225.418724 0.317891
4225.424048 0.285536
4225.429371 0.255662
4225.434695 0.229321
4225.440019 0.207808
4225.445343 0.192003
4225.450666 0.181371
4225.455990 0.175548
4225.461314 0.174768
4225.466638 0.179150
4225.471961 0.189176
4225.477285 0.205668
4225.482609 0.229406
4225.487933 0.262844
4225.493257 0.306283
4225.498580 0.357179
4225.503904 0.409331
4225.509228 0.456383
4225.514552 0.496380
4225.519875 0.530046
4225.525199 0.558750
4225.530523 0.582260
4225.535847 0.604046
4225.541170 0.622665
4225.546494 0.638426
4225.551818 0.651290
4225.557142 0.662052
4225.562466 0.671070
4225.567789 0.679469
4225.573113 0.688489
4225.578437 0.695356
4225.583761 0.700769
4225.589084 0.703147
4225.594408 0.706395
4225.599732 0.708161
4225.605056 0.711297
4225.610380 0.713245
4225.615703 0.709016
4225.621027 0.705057
4225.626351 0.702050
4225.631675 0.695775
4225.636998 0.686871
4225.642322 0.675973
4225.647646 0.661572
4225.652970 0.643197
4225.658293 0.621157
4225.663617 0.596820
4225.668941 0.568968
4225.674265 0.539323
4225.679589 0.510296
4225.684912 0.480342
4225.690236 0.452373
4225.695560 0.426771
4225.700884 0.404589
4225.706207 0.388424
4225.711531 0.379620
4225.716855 0.377793
4225.722179 0.384716
4225.727502 0.401369
4225.732826 0.425652
4225.738150 0.457818
4225.743474 0.493207
4225.748798 0.526990
4225.754121 0.557264
4225.759445 0.581850
4225.764769 0.602432
4225.770093 0.619552
4225.775416 0.633210
4225.780740 0.644389
4225.786064 0.653580
4225.791388 0.659311
4225.796711 0.664327
4225.802035 0.668467
4225.807359 0.670717
4225.812683 0.675032
4225.818007 0.676595
4225.823330 0.675975
4225.828654 0.676441
4225.833978 0.676454
4225.839302 0.674203
4225.844625 0.670313
4225.849949 0.666553
4225.855273 0.660385
4225.860597 0.654516
4225.865920 0.645490
4225.871244 0.635068
4225.876568 0.623824
4225.881892 0.608992
4225.887216 0.587953
4225.892539 0.561787
4225.897863 0.533351
4225.903187 0.502247
4225.908511 0.467810
4225.913834 0.430301
4225.919158 0.393729
4225.924482 0.358717
4225.929806 0.325558
4225.935130 0.295465
4225.940453 0.270361
4225.945777 0.249682
4225.951101 0.234491
4225.956425 0.225682
4225.961748 0.223574
4225.967072 0.228823
4225.972396 0.241971
4225.977720 0.263655
4225.983043 0.295345
4225.988367 0.336481
4225.993691 0.383991
4225.999015 0.429412
4226.004339 0.467573
4226.009662 0.492985
4226.014986 0.511898
4226.020310 0.527442
4226.025634 0.538443
4226.030957 0.547084
4226.036281 0.553011
4226.041605 0.558332
4226.046929 0.562393
4226.052252 0.564822
4226.057576 0.565558
4226.062900 0.565346
4226.068224 0.563481
4226.073548 0.561242
4226.078871 0.559087
4226.084195 0.558156
4226.089519 0.557041
4226.094843 0.555661
4226.100166 0.554367
4226.105490 0.554884
4226.110814 0.556082
4226.116138 0.554903
4226.121461 0.552297
4226.126785 0.549051
4226.132109 0.543983
4226.137433 0.538139
4226.142757 0.531667
4226.148080 0.528300
4226.153404 0.526223
4226.158728 0.523166
4226.164052 0.519785
4226.169375 0.518346
4226.174699 0.516590
4226.180023 0.514230
4226.185347 0.508711
4226.190670 0.503256
4226.195994 0.497068
4226.201318 0.491655
4226.206642 0.488112
4226.211966 0.484961
4226.217289 0.482641
4226.222613 0.480380
4226.227937 0.476772
4226.233261 0.472596
4226.238584 0.469723
4226.243908 0.465907
4226.249232 0.462034
4226.254556 0.456612
4226.259880 0.451903
4226.265203 0.446970
4226.270527 0.441300
4226.275851 0.435134
4226.281175 0.427980
4226.286498 0.420539
4226.291822 0.413504
4226.297146 0.406937
4226.302470 0.398582
4226.307793 0.390836
4226.313117 0.383118
4226.318441 0.375432
4226.323765 0.367369
4226.329089 0.360921
4226.334412 0.352054
4226.339736 0.343066
4226.345060 0.336417
4226.350384 0.331078
4226.355707 0.327453
4226.361031 0.325329
4226.366355 0.322228
4226.371679 0.318124
4226.377002 0.311844
4226.382326 0.302805
4226.387650 0.291290
4226.392974 0.277578
4226.398298 0.262038
4226.403621 0.246309
4226.408945 0.231152
4226.414269 0.217932
4226.419593 0.208461
4226.424916 0.202630
4226.430240 0.200346
4226.435564 0.202060
4226.440888 0.207289
4226.446211 0.216231
4226.451535 0.226751
4226.456859 0.238730
4226.462183 0.250089
4226.467507 0.259585
4226.472830 0.267671
4226.478154 0.273100
4226.483478 0.275936
4226.488802 0.276914
4226.494125 0.276526
4226.499449 0.275351
4226.504773 0.273637
4226.510097 0.271567
4226.515420 0.269828
4226.520744 0.267214
4226.526068 0.264040
4226.531392 0.261105
4226.536716 0.257995
4226.542039 0.254483
4226.547363 0.251434
4226.552687 0.248250
4226.558011 0.245412
4226.563334 0.242618
4226.568658 0.239080
4226.573982 0.235886
4226.579306 0.232392
4226.584630 0.229044
4226.589953 0.225856
4226.595277 0.221565
4226.600601 0.216779
4226.605925 0.212176
4226.611248 0.206840
4226.616572 0.201047
4226.621896 0.194842
4226.627220 0.187731
4226.632543 0.180123
4226.637867 0.171255
4226.643191 0.161469
4226.648515 0.150846
4226.653839 0.139654
4226.659162 0.127883
4226.664486 0.115229
4226.669810 0.103087
4226.675134 0.091179
4226.680457 0.081033
4226.685781 0.072851
4226.691105 0.066270
4226.696429 0.061101
4226.701752 0.058370
4226.707076 0.055185
4226.712400 0.053096
4226.717724 0.052302
4226.723048 0.052113
4226.728371 0.052079
4226.733695 0.052434
4226.739019 0.053319
4226.744343 0.054225
4226.749666 0.055493
4226.754990 0.057783
4226.760314 0.060203
4226.765638 0.063483
4226.770961 0.068274
4226.776285 0.074244
4226.781609 0.081859
4226.786933 0.091409
4226.792257 0.102122
4226.797580 0.113644
4226.802904 0.125615
4226.808228 0.136680
4226.813552 0.146566
4226.818875 0.156104
4226.824199 0.165616
4226.829523 0.173671
4226.834847 0.181202
4226.840170 0.188644
4226.845494 0.195034
4226.850818 0.200673
4226.856142 0.206391
4226.861466 0.212222
4226.866789 0.216467
4226.872113 0.220933
4226.877437 0.225597
4226.882761 0.229832
4226.888084 0.233557
4226.893408 0.237356
4226.898732 0.241436
4226.904056 0.243421
4226.909380 0.248943
4226.914703 0.253813
4226.920027 0.257000
4226.925351 0.260922
4226.930675 0.264258
4226.935998 0.267684
4226.941322 0.272465
4226.946646 0.275905
4226.951970 0.279106
4226.957293 0.281470
4226.962617 0.284476
4226.967941 0.287631
4226.973265 0.291156
4226.978589 0.295211
4226.983912 0.299782
4226.989236 0.303633
4226.994560 0.306738
4226.999884 0.310171
4227.005207 0.313588
4227.010531 0.317365
4227.015855 0.322457
4227.021179 0.326913
4227.026502 0.330692
4227.031826 0.334164
4227.037150 0.338155
4227.042474 0.340701
4227.047798 0.344903
4227.053121 0.348241
4227.058445 0.352796
4227.063769 0.356561
4227.069093 0.360051
4227.074416 0.363393
4227.079740 0.366377
4227.085064 0.369226
4227.090388 0.372963
4227.095711 0.376838
4227.101035 0.379849
4227.106359 0.383401
4227.111683 0.386645
4227.117007 0.389939
4227.122330 0.393286
4227.127654 0.396275
4227.132978 0.399035
4227.138302 0.401335
4227.143625 0.404383
4227.148949 0.407330
4227.154273 0.410490
4227.159597 0.410825
4227.164920 0.414409
4227.170244 0.418030
4227.175568 0.421122
4227.180892 0.425398
4227.186216 0.426927
4227.191539 0.428833
4227.196863 0.430695
4227.202187 0.431463
4227.207511 0.432922
4227.212834 0.433207
4227.218158 0.433558
4227.223482 0.435652
4227.228806 0.434960
4227.234130 0.431929
4227.239453 0.429291
4227.244777 0.424834
4227.250101 0.418706
4227.255425 0.412838
4227.260748 0.403954
4227.266072 0.394665
4227.271396 0.385188
4227.276720 0.374454
4227.282043 0.363252
4227.287367 0.351869
4227.292691 0.341454
4227.298015 0.332134
4227.303339 0.324118
4227.308662 0.317636
4227.313986 0.312797
4227.319310 0.308398
4227.324634 0.305724
4227.329957 0.303272
4227.335281 0.302030
4227.340605 0.301044
4227.345929 0.299364
4227.351252 0.296486
4227.356576 0.294384
4227.361900 0.290836
4227.367224 0.284041
4227.372548 0.272399
4227.377871 0.256203
4227.383195 0.235477
4227.388519 0.213398
4227.393843 0.192006
4227.399166 0.172203
4227.404490 0.154980
4227.409814 0.141293
4227.415138 0.131607
4227.420461 0.125127
4227.425785 0.121998
4227.431109 0.122148
4227.436433 0.124477
4227.441757 0.130093
4227.447080 0.137218
4227.452404 0.149105
4227.457728 0.165998
4227.463052 0.187587
4227.468375 0.213935
4227.473699 0.245086
4227.479023 0.276188
4227.484347 0.304999
4227.489670 0.332407
4227.494994 0.354030
4227.500318 0.375429
4227.505642 0.395649
4227.510966 0.414216
4227.516289 0.430867
4227.521613 0.447022
4227.526937 0.462463
4227.532261 0.476261
4227.537584 0.489644
4227.542908 0.500326
4227.548232 0.509513
4227.553556 0.518196
4227.558880 0.525884
4227.564203 0.533467
4227.569527 0.540839
4227.574851 0.547245
4227.580175 0.552461
4227.585498 0.558439
4227.590822 0.567364
4227.596146 0.572303
4227.601470 0.575565
4227.606793 0.577340
4227.612117 0.577959
4227.617441 0.577896
4227.622765 0.578023
4227.628089 0.578345
4227.633412 0.579564
4227.638736 0.581614
4227.644060 0.584342
4227.649384 0.587733
4227.654707 0.592442
4227.660031 0.596867
4227.665355 0.600760
4227.670679 0.603921
4227.676002 0.604822
4227.681326 0.603538
4227.686650 0.599346
4227.691974 0.593777
4227.697298 0.585004
4227.702621 0.574662
4227.707945 0.562907
4227.713269 0.550358
4227.718593 0.538208
4227.723916 0.528270
4227.729240 0.518539
4227.734564 0.508822
4227.739888 0.500472
4227.745211 0.495586
4227.750535 0.496126
4227.755859 0.501443
4227.761183 0.511085
4227.766507 0.526271
4227.771830 0.545752
4227.777154 0.563880
4227.782478 0.583927
4227.787802 0.604035
4227.793125 0.624748
4227.798449 0.641722
4227.803773 0.656440
4227.809097 0.668505
4227.814420 0.677413
4227.819744 0.684507
4227.825068 0.687964
4227.830392 0.689062
4227.835716 0.690223
4227.841039 0.687503
4227.846363 0.682989
4227.851687 0.674847
4227.857011 0.663451
4227.862334 0.649147
4227.867658 0.629774
4227.872982 0.606904
4227.878306 0.583391
4227.883630 0.559402
4227.888953 0.538287
4227.894277 0.516953
4227.899601 0.495515
4227.904925 0.474923
4227.910248 0.457071
4227.915572 0.443258
4227.920896 0.431244
4227.926220 0.423199
4227.931543 0.418601
4227.936867 0.417723
4227.942191 0.420830
4227.947515 0.426307
4227.952839 0.434110
4227.958162 0.448083
4227.963486 0.466154
4227.968810 0.489005
4227.974134 0.513685
4227.979457 0.538848
4227.984781 0.565810
4227.990105 0.588941
4227.995429 0.611190
4228.000752 0.631806
4228.006076 0.646266
4228.011400 0.661816
4228.016724 0.680546
4228.022048 0.694030
4228.027371 0.701187
4228.032695 0.709363
4228.038019 0.718121
4228.043343 0.732699
4228.048666 0.743364
4228.053990 0.749376
4228.059314 0.752084
4228.064638 0.757028
4228.069961 0.761037
4228.075285 0.761804
4228.080609 0.765098
4228.085933 0.765180
4228.091257 0.763026
4228.096580 0.762434
4228.101904 0.764338
4228.107228 0.763638
4228.112552 0.760852
4228.117875 0.759680
4228.123199 0.761201
4228.128523 0.763136
4228.133847 0.763756
4228.139170 0.765435
4228.144494 0.769315
4228.149818 0.773702
4228.155142 0.774784
4228.160466 0.777324
4228.165789 0.777278
4228.171113 0.774914
4228.176437 0.773700
4228.181761 0.773998
4228.187084 0.773486
4228.192408 0.766409
4228.197732 0.770134
4228.203056 0.772423
4228.208380 0.772440
4228.213703 0.771816
4228.219027 0.772877
4228.224351 0.771604
4228.229675 0.771222
4228.234998 0.770548
4228.240322 0.770591
4228.245646 0.771890
4228.250970 0.773426
4228.256293 0.775107
4228.261617 0.776454
4228.266941 0.777014
4228.272265 0.775670
4228.277589 0.772810
4228.282912 0.769674
4228.288236 0.770096
4228.293560 0.770905
4228.298884 0.768086
4228.304207 0.770072
4228.309531 0.770318
4228.314855 0.774190
4228.320179 0.779453
4228.325502 0.782914
4228.330826 0.791743
4228.336150 0.798105
4228.341474 0.799847
4228.346798 0.797672
4228.352121 0.797819
4228.357445 0.808685
4228.362769 0.814400
4228.368093 0.814368
4228.373416 0.816065
4228.378740 0.820265
4228.384064 0.826510
4228.389388 0.827549
4228.394711 0.826581
4228.400035 0.826919
4228.405359 0.830593
4228.410683 0.833528
4228.416007 0.838831
4228.421330 0.848061
4228.426654 0.851162
4228.431978 0.852483
4228.437302 0.855040
4228.442625 0.854760
4228.447949 0.852952
4228.453273 0.853887
4228.458597 0.856271
4228.463920 0.856572
4228.469244 0.857038
4228.474568 0.855731
4228.479892 0.855637
4228.485216 0.857449
4228.490539 0.859309
4228.495863 0.862874
4228.501187 0.864441
4228.506511 0.864709
4228.511834 0.863303
4228.517158 0.860373
4228.522482 0.856707
4228.527806 0.852383
4228.533130 0.846923
4228.538453 0.843894
4228.543777 0.844129
4228.549101 0.845050
4228.554425 0.848590
4228.559748 0.848813
4228.565072 0.851289
4228.570396 0.856468
4228.575720 0.858070
4228.581043 0.857511
4228.586367 0.854413
4228.591691 0.850646
4228.597015 0.850130
4228.602339 0.851408
4228.607662 0.852155
4228.612986 0.853505
4228.618310 0.854877
4228.623634 0.856897
4228.628957 0.856258
4228.634281 0.854543
4228.639605 0.854915
4228.644929 0.847949
4228.650252 0.838430
4228.655576 0.823832
4228.660900 0.806126
4228.666224 0.790612
4228.671548 0.774423
4228.676871 0.752750
4228.682195 0.726440
4228.687519 0.697923
4228.692843 0.669057
4228.698166 0.639725
4228.703490 0.612840
4228.708814 0.591403
4228.714138 0.578358
4228.719461 0.576146
4228.724785 0.585427
4228.730109 0.601195
4228.735433 0.625323
4228.740757 0.657006
4228.746080 0.692245
4228.751404 0.723356
4228.756728 0.749579
4228.762052 0.771149
4228.767375 0.790403
4228.772699 0.804590
4228.778023 0.815357
4228.783347 0.828110
4228.788670 0.842340
4228.793994 0.854444
4228.799318 0.863733
4228.804642 0.868718
4228.809966 0.873781
4228.815289 0.878162
4228.820613 0.875937
4228.825937 0.876448
4228.831261 0.873596
4228.836584 0.873388
4228.841908 0.874513
4228.847232 0.871876
4228.852556 0.867888
4228.857880 0.864675
4228.863203 0.866293
4228.868527 0.870381
4228.873851 0.870694
4228.879175 0.872324
4228.884498 0.874260
4228.889822 0.877571
4228.895146 0.881899
4228.900470 0.883095
4228.905793 0.882435
4228.911117 0.882558
4228.916441 0.880063
4228.921765 0.875987
4228.927089 0.875930
4228.932412 0.875375
4228.937736 0.874731
4228.943060 0.872997
4228.948384 0.872172
4228.953707 0.873934
4228.959031 0.870832
4228.964355 0.867915
4228.969679 0.867187
4228.975002 0.866642
4228.980326 0.865351
4228.985650 0.863191
4228.990974 0.862665
4228.996298 0.861690
4229.001621 0.861959
4229.006945 0.858235
4229.012269 0.857762
4229.017593 0.858996
4229.022916 0.852886
4229.028240 0.847118
4229.033564 0.842883
4229.038888 0.838078
4229.044211 0.837462
4229.049535 0.834055
4229.054859 0.835327
4229.060183 0.839150
4229.065507 0.841267
4229.070830 0.850483
4229.076154 0.857237
4229.081478 0.862114
4229.086802 0.869342
4229.092125 0.873761
4229.097449 0.878373
4229.102773 0.877047
4229.108097 0.879068
4229.113420 0.882479
4229.118744 0.878243
4229.124068 0.875124
4229.129392 0.873799
4229.134716 0.872475
4229.140039 0.873767
4229.145363 0.873069
4229.150687 0.877013
4229.156011 0.878913
4229.161334 0.878503
4229.166658 0.878873
4229.171982 0.876578
4229.177306 0.876650
4229.182630 0.873750
4229.187953 0.873302
4229.193277 0.877161
4229.198601 0.878278
4229.203925 0.879205
4229.209248 0.886605
4229.214572 0.888924
4229.219896 0.884646
4229.225220 0.885986
4229.230543 0.885273
4229.235867 0.885799
4229.241191 0.886060
4229.246515 0.887586
4229.251839 0.886102
4229.257162 0.886754
4229.262486 0.883914
4229.267810 0.881467
4229.273134 0.884168
4229.278457 0.881309
4229.283781 0.881483
4229.289105 0.877601
4229.294429 0.875437
4229.299752 0.880024
4229.305076 0.875450
4229.310400 0.875688
4229.315724 0.871543
4229.321048 0.868418
4229.326371 0.862643
4229.331695 0.853068
4229.337019 0.842993
4229.342343 0.827291
4229.347666 0.810933
4229.352990 0.788180
4229.358314 0.766936
4229.363638 0.734979
4229.368961 0.706710
4229.374285 0.672364
4229.379609 0.637936
4229.384933 0.605171
4229.390257 0.575887
4229.395580 0.550271
4229.400904 0.531400
4229.406228 0.520628
4229.411552 0.516037
4229.416875 0.521379
4229.422199 0.537833
4229.427523 0.557730
4229.432847 0.582509
4229.438170 0.598040
4229.443494 0.609306
4229.448818 0.614506
4229.454142 0.605578
4229.459466 0.585312
4229.464789 0.558587
4229.470113 0.524458
4229.475437 0.492085
4229.480761 0.454527
4229.486084 0.414602
4229.491408 0.378224
4229.496732 0.350528
4229.502056 0.324112
4229.507380 0.306903
4229.512703 0.300057
4229.518027 0.300154
4229.523351 0.303050
4229.528675 0.321605
4229.533998 0.345810
4229.539322 0.383247
4229.544646 0.424527
4229.549970 0.474869
4229.555293 0.525176
4229.560617 0.576514
4229.565941 0.627392
4229.571265 0.668043
4229.576589 0.706090
4229.581912 0.740869
4229.587236 0.776482
4229.592560 0.801461
4229.597884 0.819715
4229.603207 0.829633
4229.608531 0.844573
4229.613855 0.849987
4229.619179 0.850368
4229.624502 0.853747
4229.629826 0.856114
4229.635150 0.861043
4229.640474 0.854913
4229.645798 0.844366
4229.651121 0.837116
4229.656445 0.828873
4229.661769 0.821436
4229.667093 0.807797
4229.672416 0.787306
4229.677740 0.767578
4229.683064 0.746194
4229.688388 0.711560
4229.693711 0.677058
4229.699035 0.636734
4229.704359 0.595815
4229.709683 0.551508
4229.715007 0.510264
4229.720330 0.462664
4229.725654 0.419668
4229.730978 0.384126
4229.736302 0.344822
4229.741625 0.309827
4229.746949 0.284729
4229.752273 0.266860
4229.757597 0.254912
4229.762920 0.252948
4229.768244 0.254995
4229.773568 0.261706
4229.778892 0.270998
4229.784216 0.281122
4229.789539 0.297116
4229.794863 0.317634
4229.800187 0.338245
4229.805511 0.361508
4229.810834 0.381141
4229.816158 0.393559
4229.821482 0.409935
4229.826806 0.425956
4229.832130 0.443066
4229.837453 0.451796
4229.842777 0.458613
4229.848101 0.459616
4229.853425 0.454317
4229.858748 0.453400
4229.864072 0.443767
4229.869396 0.434397
4229.874720 0.425956
4229.880043 0.410905
4229.885367 0.399891
4229.890691 0.388291
4229.896015 0.382059
4229.901339 0.379163
